-90, -180, 30
-89.9, -180, 30
-89.8, -180, 30
-89.7, -180, 30
-89.6, -180, 30
-89.5, -180, 30
-89.4, -180, 30
-89.3, -180, 30
-89.2, -180, 30
-89.1000000000001, -180, 30
-89.0000000000001, -180, 30
-88.9000000000001, -180, 30
-88.8000000000001, -180, 30
-88.7000000000001, -180, 30
-88.6000000000001, -180, 30
-88.5000000000001, -180, 30
-88.4000000000001, -180, 30
-88.3000000000001, -180, 30
-88.2000000000001, -180, 30
-88.1000000000001, -180, 30
-88.0000000000001, -180, 30
-87.9000000000001, -180, 30
-87.8000000000001, -180, 30
-87.7000000000001, -180, 30
-87.6000000000001, -180, 30
-87.5000000000001, -180, 30
-87.4000000000001, -180, 30
-87.3000000000002, -180, 30
-87.2000000000002, -180, 30
-87.1000000000002, -180, 30
-87.0000000000002, -180, 30
-86.9000000000002, -180, 30
-86.8000000000002, -180, 30
-86.7000000000002, -180, 30
-86.6000000000002, -180, 30
-86.5000000000002, -180, 30
-86.4000000000002, -180, 30
-86.3000000000002, -180, 30
-86.2000000000002, -180, 30
-86.1000000000002, -180, 30
-86.0000000000002, -180, 30
-85.9000000000002, -180, 30
-85.8000000000002, -180, 30
-85.7000000000002, -180, 30
-85.6000000000003, -180, 30
-85.5000000000003, -180, 30
-85.4000000000003, -180, 30
-85.3000000000003, -180, 30
-85.2000000000003, -180, 30
-85.1000000000003, -180, 30
-85.0000000000003, -180, 30
-84.9000000000003, -180, 30
-84.8000000000003, -180, 30
-84.7000000000003, -180, 30
-84.6000000000003, -180, 30
-84.5000000000003, -180, 30
-84.4000000000003, -180, 30
-84.3000000000003, -180, 30
-84.2000000000003, -180, 30
-84.1000000000003, -180, 30
-84.0000000000003, -180, 30
-83.9000000000003, -180, 30
-83.8000000000004, -180, 30
-83.7000000000004, -180, 30
-83.6000000000004, -180, 30
-83.5000000000004, -180, 30
-83.4000000000004, -180, 30
-83.3000000000004, -180, 30
-83.2000000000004, -180, 30
-83.1000000000004, -180, 30
-83.0000000000004, -180, 30
-82.9000000000004, -180, 30
-82.8000000000004, -180, 30
-82.7000000000004, -180, 30
-82.6000000000004, -180, 30
-82.5000000000004, -180, 30
-82.4000000000004, -180, 30
-82.3000000000004, -180, 30
-82.2000000000004, -180, 30
-82.1000000000004, -180, 30
-82.0000000000005, -180, 30
-81.9000000000005, -180, 30
-81.8000000000005, -180, 30
-81.7000000000005, -180, 30
-81.6000000000005, -180, 30
-81.5000000000005, -180, 30
-81.4000000000005, -180, 30
-81.3000000000005, -180, 30
-81.2000000000005, -180, 30
-81.1000000000005, -180, 30
-81.0000000000005, -180, 30
-80.9000000000005, -180, 30
-80.8000000000005, -180, 30
-80.7000000000005, -180, 30
-80.6000000000005, -180, 30
-80.5000000000005, -180, 30
-80.4000000000005, -180, 30
-80.3000000000006, -180, 30
-80.2000000000006, -180, 30
-80.1000000000006, -180, 30
-80.0000000000006, -180, 30
-79.9000000000006, -180, 30
-79.8000000000006, -180, 30
-79.7000000000006, -180, 30
-79.6000000000006, -180, 30
-79.5000000000006, -180, 30
-79.4000000000006, -180, 30
-79.3000000000006, -180, 30
-79.2000000000006, -180, 30
-79.1000000000006, -180, 30
-79.0000000000006, -180, 30
-78.9000000000006, -180, 30
-78.8000000000006, -180, 30
-78.7000000000006, -180, 30
-78.6000000000006, -180, 30
-78.5000000000007, -180, 30
-78.4000000000007, -180, 30
-78.3000000000007, -180, 30
-78.2000000000007, -180, 30
-78.1000000000007, -180, 30
-78.0000000000007, -180, 30
-77.9000000000007, -180, 30
-77.8000000000007, -180, 30
-77.7000000000007, -180, 30
-77.6000000000007, -180, 30
-77.5000000000007, -180, 30
-77.4000000000007, -180, 30
-77.3000000000007, -180, 30
-77.2000000000007, -180, 30
-77.1000000000007, -180, 30
-77.0000000000007, -180, 30
-76.9000000000007, -180, -1117.18505578337
-76.8000000000008, -180, -1080.88708281773
-76.7000000000008, -180, -1049.09241391101
-76.6000000000008, -180, -1070.60705449083
-76.5000000000008, -180, -1069.85490467714
-76.4000000000008, -180, -1068.2868390244
-76.3000000000008, -180, -1083.12222767132
-76.2000000000008, -180, -1098.02264011954
-76.1000000000008, -180, -1080.57887562073
-76.0000000000008, -180, -1062.92731754144
-75.9000000000008, -180, -1055.10676741193
-75.8000000000008, -180, -1050.19249306177
-75.7000000000008, -180, -1053.73926446761
-75.6000000000008, -180, -1026.24055612891
-75.5000000000008, -180, -982.803705365513
-75.4000000000008, -180, -983.848098531947
-75.3000000000008, -180, -944.680213297717
-75.2000000000008, -180, -957.726854573702
-75.1000000000008, -180, -981.970410435926
-75.0000000000009, -180, -1018.57567994436
-74.9000000000009, -180, -1087.12397258321
-74.8000000000009, -180, -1122.11269488966
-74.7000000000009, -180, -1154.93814970902
-74.6000000000009, -180, -1170.08969976241
-74.5000000000009, -180, -1147.16224478814
-74.4000000000009, -180, -1144.42014148925
-74.3000000000009, -180, -1137.86214992974
-74.2000000000009, -180, -1113.19621199707
-74.1000000000009, -180, -1073.82316367782
-74.0000000000009, -180, -1012.52645945095
-73.9000000000009, -180, -1001.41617258207
-73.8000000000009, -180, -1010.54282969551
-73.7000000000009, -180, -1042.13903991482
-73.6000000000009, -180, -1080.31963807519
-73.5000000000009, -180, -1104.90825993405
-73.4000000000009, -180, -1115.82708872564
-73.3000000000009, -180, -1067.02486754395
-73.200000000001, -180, -1082.46950901311
-73.100000000001, -180, -1085.40538210387
-73.000000000001, -180, -1076.59001568472
-72.900000000001, -180, -1070.3440464451
-72.800000000001, -180, -1063.39039132511
-72.700000000001, -180, -1069.98985636933
-72.600000000001, -180, -1069.27842328127
-72.500000000001, -180, -1067.69001418096
-72.400000000001, -180, -1083.42045477475
-72.300000000001, -180, -1090.56852273829
-72.200000000001, -180, -1113.54579170863
-72.100000000001, -180, -1081.32089818537
-72.000000000001, -180, -1081.03277136642
-71.900000000001, -180, -1072.80847415328
-71.800000000001, -180, -1088.91605351365
-71.700000000001, -180, -1056.68377924967
-71.600000000001, -180, -1044.30314440676
-71.5000000000011, -180, -1056.26024506823
-71.4000000000011, -180, -1051.906417205
-71.3000000000011, -180, -1079.87863725738
-71.2000000000011, -180, -1028.28000956331
-71.1000000000011, -180, -1062.17903062224
-71.0000000000011, -180, -1073.54116648389
-70.9000000000011, -180, -1066.46248886432
-70.8000000000011, -180, -1063.49921422207
-70.7000000000011, -180, -1060.95150809467
-70.6000000000011, -180, -1090.13464886672
-70.5000000000011, -180, -1092.63329778961
-70.4000000000011, -180, -1093.85886731104
-70.3000000000011, -180, -1111.18731175619
-70.2000000000011, -180, -1116.03038606606
-70.1000000000011, -180, -1105.25910932326
-70.0000000000011, -180, -1099.87248124019
-69.9000000000011, -180, -1131.71536553244
-69.8000000000011, -180, -1126.66889029369
-69.7000000000012, -180, -1155.14372047642
-69.6000000000012, -180, -1122.55350226269
-69.5000000000012, -180, -1120.14963753626
-69.4000000000012, -180, -1160.33129286568
-69.3000000000012, -180, -1166.61757155031
-69.2000000000012, -180, -1131.07637800451
-69.1000000000012, -180, -1138.06324430066
-69.0000000000012, -180, -1125.48581483122
-68.9000000000012, -180, -1091.44559816667
-68.8000000000012, -180, -1077.89451722102
-68.7000000000012, -180, -1095.66582683939
-68.6000000000012, -180, -1072.90434233099
-68.5000000000012, -180, -1060.5077634406
-68.4000000000012, -180, -1025.67620526906
-68.3000000000012, -180, -1014.95554002828
-68.2000000000012, -180, -1037.34984188876
-68.1000000000012, -180, -1058.70044751128
-68.0000000000013, -180, -1048.1454092589
-67.9000000000013, -180, -1026.13113638142
-67.8000000000013, -180, -985.440512378584
-67.7000000000013, -180, -996.345188019332
-67.6000000000013, -180, -1043.88118594617
-67.5000000000013, -180, -1068.11580421706
-67.4000000000013, -180, -1080.37897395762
-67.3000000000013, -180, -1092.18702351593
-67.2000000000013, -180, -1065.93971876358
-67.1000000000013, -180, -1041.74808468891
-67.0000000000013, -180, -1028.93281853187
-66.9000000000013, -180, -1073.95464713278
-66.8000000000013, -180, -1100.32522754523
-66.7000000000013, -180, -1132.42310069385
-66.6000000000013, -180, -1154.3526637567
-66.5000000000013, -180, -1139.92025294201
-66.4000000000013, -180, -1150.00006144249
-66.3000000000013, -180, -1164.23189210193
-66.2000000000014, -180, -1119.27026994771
-66.1000000000014, -180, -1071.95854744816
-66.0000000000014, -180, -1033.59329815232
-65.9000000000014, -180, -1030.08430142328
-65.8000000000014, -180, -1038.29111882753
-65.7000000000014, -180, -1072.50637242547
-65.6000000000014, -180, -1124.72672341124
-65.5000000000014, -180, -1158.90024895011
-65.4000000000014, -180, -1174.77278329851
-65.3000000000014, -180, -1168.78209586418
-65.2000000000014, -180, -1163.18300348567
-65.1000000000014, -180, -1154.68578427588
-65.0000000000014, -180, -1139.99912168749
-64.9000000000014, -180, -1130.34395270166
-64.8000000000014, -180, -1103.76787039207
-64.7000000000014, -180, -1137.35537607491
-64.6000000000014, -180, -1127.31524108385
-64.5000000000015, -180, -1125.6525903726
-64.4000000000015, -180, -1111.37256389053
-64.3000000000015, -180, -1112.77270682366
-64.2000000000015, -180, -1100.2454508004
-64.1000000000015, -180, -1063.18537780491
-64.0000000000015, -180, -1051.76310413866
-63.9000000000015, -180, -1018.90789367945
-63.8000000000015, -180, -1022.14264238789
-63.7000000000015, -180, -1036.94868106965
-63.6000000000015, -180, -1034.41176409146
-63.5000000000015, -180, -1050.0408179079
-63.4000000000015, -180, -1052.70195717679
-63.3000000000015, -180, -1107.69597641611
-63.2000000000015, -180, -1129.36038995313
-63.1000000000015, -180, -1109.8077588625
-63.0000000000015, -180, -1133.28212619619
-62.9000000000015, -180, -1136.32190558792
-62.8000000000015, -180, -1151.14632536017
-62.7000000000015, -180, -1131.43824006
-62.6000000000015, -180, -1139.86682619096
-62.5000000000015, -180, -1153.20130671933
-62.4000000000015, -180, -1180.22090808104
-62.3000000000015, -180, -1175.32497965265
-62.2000000000015, -180, -1169.75581510575
-62.1000000000015, -180, -1176.26043570496
-62.0000000000015, -180, -1175.17529640358
-61.9000000000014, -180, -1151.95726710663
-61.8000000000014, -180, -1161.68047588586
-61.7000000000014, -180, -1166.62909414468
-61.6000000000014, -180, -1157.29246118211
-61.5000000000014, -180, -1183.04135473922
-61.4000000000014, -180, -1172.90935306507
-61.3000000000014, -180, -1150.69847985625
-61.2000000000014, -180, -1150.61391687312
-61.1000000000014, -180, -1116.67581112997
-61.0000000000014, -180, -1093.07770905539
-60.9000000000014, -180, -1057.68313004379
-60.8000000000014, -180, -1047.73282959801
-60.7000000000014, -180, -1040.74339297146
-60.6000000000014, -180, -1033.66786382464
-60.5000000000014, -180, -1015.83349922241
-60.4000000000014, -180, -1006.25684191473
-60.3000000000014, -180, -1024.81308897608
-60.2000000000014, -180, -1025.92058916925
-60.1000000000014, -180, -1010.58469381253
-60.0000000000014, -180, -1004.92237945332
-59.9000000000014, -180, -999.856928051566
-59.8000000000014, -180, -1017.18345019326
-59.7000000000014, -180, -990.378300728858
-59.6000000000014, -180, -984.232400843524
-59.5000000000014, -180, -1007.57313082693
-59.4000000000014, -180, -1008.29069181602
-59.3000000000014, -180, -1001.07361665193
-59.2000000000014, -180, -1026.80454439938
-59.1000000000014, -180, -989.385363213136
-59.0000000000014, -180, -981.25235391967
-58.9000000000014, -180, -953.678516224376
-58.8000000000014, -180, -946.531788122607
-58.7000000000014, -180, -914.688680009218
-58.6000000000014, -180, -875.971155258594
-58.5000000000014, -180, -858.874496994424
-58.4000000000014, -180, -857.561903775204
-58.3000000000014, -180, -844.4545531451
-58.2000000000014, -180, -840.783440429717
-58.1000000000014, -180, -833.949076088495
-58.0000000000014, -180, -859.483187530306
-57.9000000000014, -180, -870.487144037616
-57.8000000000014, -180, -865.202090120059
-57.7000000000014, -180, -809.082142965286
-57.6000000000014, -180, -729.558571521891
-57.5000000000014, -180, -692.731596572325
-57.4000000000014, -180, -718.057140965597
-57.3000000000014, -180, -765.709318269859
-57.2000000000014, -180, -840.110555068357
-57.1000000000014, -180, -893.082046075957
-57.0000000000014, -180, -920.426400112687
-56.9000000000014, -180, -944.03028156911
-56.8000000000014, -180, -916.10993582278
-56.7000000000014, -180, -870.962637844612
-56.6000000000014, -180, -843.302364867995
-56.5000000000014, -180, -853.897184816422
-56.4000000000014, -180, -845.682640086627
-56.3000000000014, -180, -853.179070737795
-56.2000000000014, -180, -842.523220890551
-56.1000000000014, -180, -849.427419073763
-56.0000000000014, -180, -843.418587154127
-55.9000000000014, -180, -825.006527709658
-55.8000000000014, -180, -766.383142936975
-55.7000000000014, -180, -717.554535958217
-55.6000000000014, -180, -704.392264723545
-55.5000000000014, -180, -746.448801401071
-55.4000000000014, -180, -757.619343657629
-55.3000000000014, -180, -776.218355070916
-55.2000000000014, -180, -809.493017190485
-55.1000000000014, -180, -853.719287457177
-55.0000000000014, -180, -878.410761114443
-54.9000000000013, -180, -868.887702025822
-54.8000000000013, -180, -834.366665585083
-54.7000000000013, -180, -852.837986436323
-54.6000000000013, -180, -875.474255376728
-54.5000000000013, -180, -890.80593774037
-54.4000000000013, -180, -930.718576345011
-54.3000000000013, -180, -927.244075233932
-54.2000000000013, -180, -910.764890642138
-54.1000000000013, -180, -878.471450909157
-54.0000000000013, -180, -850.037186284317
-53.9000000000013, -180, -817.916588891298
-53.8000000000013, -180, -820.380497953622
-53.7000000000013, -180, -830.931511807605
-53.6000000000013, -180, -854.549126513186
-53.5000000000013, -180, -873.936839576927
-53.4000000000013, -180, -858.370698222774
-53.3000000000013, -180, -837.058785819332
-53.2000000000013, -180, -809.65752245544
-53.1000000000013, -180, -797.451621651184
-53.0000000000013, -180, -768.177631067578
-52.9000000000013, -180, -769.497934841784
-52.8000000000013, -180, -783.033809003304
-52.7000000000013, -180, -817.403501545195
-52.6000000000013, -180, -831.14341195114
-52.5000000000013, -180, -857.529577610665
-52.4000000000013, -180, -865.145548777306
-52.3000000000013, -180, -846.061125283362
-52.2000000000013, -180, -865.915061592241
-52.1000000000013, -180, -882.403343106736
-52.0000000000013, -180, -877.4073994559
-51.9000000000013, -180, -861.885976329446
-51.8000000000013, -180, -896.865138684632
-51.7000000000013, -180, -925.925261944998
-51.6000000000013, -180, -929.386328444583
-51.5000000000013, -180, -916.794611913967
-51.4000000000013, -180, -939.903139915434
-51.3000000000013, -180, -953.971468048636
-51.2000000000013, -180, -954.340723513276
-51.1000000000013, -180, -951.498752844287
-51.0000000000013, -180, -954.251559187775
-50.9000000000013, -180, -980.148805705016
-50.8000000000013, -180, -956.541314196074
-50.7000000000013, -180, -935.768167234957
-50.6000000000013, -180, -960.742683282937
-50.5000000000013, -180, -993.958005946246
-50.4000000000013, -180, -1013.82253899134
-50.3000000000013, -180, -997.329496771796
-50.2000000000013, -180, -935.369597262586
-50.1000000000013, -180, -901.834508512169
-50.0000000000013, -180, -879.375111286179
-49.9000000000013, -180, -851.591621079599
-49.8000000000013, -180, -835.456671364256
-49.7000000000013, -180, -829.542327430099
-49.6000000000013, -180, -844.971965106553
-49.5000000000013, -180, -849.715699026361
-49.4000000000013, -180, -826.282686174498
-49.3000000000013, -180, -824.166744147427
-49.2000000000013, -180, -810.632397663314
-49.1000000000013, -180, -791.303098943434
-49.0000000000013, -180, -807.787233089097
-48.9000000000013, -180, -858.664416925982
-48.8000000000013, -180, -864.229196289787
-48.7000000000013, -180, -920.805363437859
-48.6000000000013, -180, -932.344065850484
-48.5000000000013, -180, -941.800055661006
-48.4000000000013, -180, -961.849593834137
-48.3000000000013, -180, -969.242276957957
-48.2000000000013, -180, -969.40532225545
-48.1000000000013, -180, -984.211769190035
-48.0000000000013, -180, -960.398916756269
-47.9000000000012, -180, -978.987339343294
-47.8000000000012, -180, -935.001911018277
-47.7000000000012, -180, -912.191265672445
-47.6000000000012, -180, -914.89633333066
-47.5000000000012, -180, -911.448662332841
-47.4000000000012, -180, -924.243382647401
-47.3000000000012, -180, -918.827708472149
-47.2000000000012, -180, -921.200924597913
-47.1000000000012, -180, -897.909499862115
-47.0000000000012, -180, -911.612372235628
-46.9000000000012, -180, -921.084689583862
-46.8000000000012, -180, -950.443686149199
-46.7000000000012, -180, -995.418411040097
-46.6000000000012, -180, -1013.05866486544
-46.5000000000012, -180, -1045.15065125842
-46.4000000000012, -180, -1019.26302095875
-46.3000000000012, -180, -1013.58433799353
-46.2000000000012, -180, -1030.3211913649
-46.1000000000012, -180, -1045.41326986684
-46.0000000000012, -180, -1040.47165299195
-45.9000000000012, -180, -1047.38026637735
-45.8000000000012, -180, -1051.72298017074
-45.7000000000012, -180, -1053.28451491171
-45.6000000000012, -180, -1045.02800594817
-45.5000000000012, -180, -1015.22878305288
-45.4000000000012, -180, -992.960053932038
-45.3000000000012, -180, -977.131465749582
-45.2000000000012, -180, -951.916200959357
-45.1000000000012, -180, -943.139523744932
-45.0000000000012, -180, -976.265430240543
-44.9000000000012, -180, -983.13584292715
-44.8000000000012, -180, -962.58415067289
-44.7000000000012, -180, -931.033479124075
-44.6000000000012, -180, -908.052457284881
-44.5000000000012, -180, -905.268124529393
-44.4000000000012, -180, -895.696674290346
-44.3000000000012, -180, -882.317894385313
-44.2000000000012, -180, -878.154952523066
-44.1000000000012, -180, -880.25924802653
-44.0000000000012, -180, -925.405003493303
-43.9000000000012, -180, -942.258543866454
-43.8000000000012, -180, -967.223840359249
-43.7000000000012, -180, -971.17591433588
-43.6000000000012, -180, -927.124771619914
-43.5000000000012, -180, -891.43875518709
-43.4000000000012, -180, -881.443421402248
-43.3000000000012, -180, -915.411298429361
-43.2000000000012, -180, -953.517515845248
-43.1000000000012, -180, -993.721296320204
-43.0000000000012, -180, -1004.45397060772
-42.9000000000012, -180, -1041.95580148138
-42.8000000000012, -180, -1047.6039502346
-42.7000000000012, -180, -1050.96358176426
-42.6000000000012, -180, -1068.56254405959
-42.5000000000012, -180, -1088.91926180001
-42.4000000000012, -180, -1095.89931957668
-42.3000000000012, -180, -1068.76729968248
-42.2000000000012, -180, -1033.40196916286
-42.1000000000012, -180, -1019.04469834256
-42.0000000000012, -180, -1037.95382446947
-41.9000000000012, -180, -1016.9547168084
-41.8000000000012, -180, -966.165721102268
-41.7000000000012, -180, -974.131583370036
-41.6000000000012, -180, -975.041004469269
-41.5000000000012, -180, -933.82661687769
-41.4000000000012, -180, -909.067830392625
-41.3000000000012, -180, -934.213612784049
-41.2000000000012, -180, -938.860647798865
-41.1000000000012, -180, -975.169718008721
-41.0000000000012, -180, -933.668456941261
-40.9000000000012, -180, -916.554109079065
-40.8000000000011, -180, -955.592722701142
-40.7000000000011, -180, -994.726677075611
-40.6000000000011, -180, -1035.94093689451
-40.5000000000011, -180, -1029.41620466521
-40.4000000000011, -180, -1072.00191359746
-40.3000000000011, -180, -1080.3799791357
-40.2000000000011, -180, -1073.61415680149
-40.1000000000011, -180, -1075.49554900022
-40.0000000000011, -180, -1059.17276540282
-39.9000000000011, -180, -1021.60181597644
-39.8000000000011, -180, -1044.15725886507
-39.7000000000011, -180, -1067.77465875482
-39.6000000000011, -180, -1066.67026420194
-39.5000000000011, -180, -1094.71884626662
-39.4000000000011, -180, -1116.97258896893
-39.3000000000011, -180, -1135.89864571276
-39.2000000000011, -180, -1110.18187720492
-39.1000000000011, -180, -1068.86179336626
-39.0000000000011, -180, -1063.48954973673
-38.9000000000011, -180, -1017.27932827466
-38.8000000000011, -180, -997.482296553324
-38.7000000000011, -180, -1002.2226714429
-38.6000000000011, -180, -1019.57843629492
-38.5000000000011, -180, -997.35789054248
-38.4000000000011, -180, -949.793502726476
-38.3000000000011, -180, -960.840871804627
-38.2000000000011, -180, -940.1710649546
-38.1000000000011, -180, -919.890508670709
-38.0000000000011, -180, -934.574977563228
-37.9000000000011, -180, -907.3880583063
-37.8000000000011, -180, -887.888046779553
-37.7000000000011, -180, -921.168638656498
-37.6000000000011, -180, -934.392200790113
-37.5000000000011, -180, -941.431529548834
-37.4000000000011, -180, -982.833463757881
-37.3000000000011, -180, -982.289947612328
-37.2000000000011, -180, -997.919683627668
-37.1000000000011, -180, -1028.64240587957
-37.0000000000011, -180, -1059.36535151093
-36.9000000000011, -180, -1068.55670129543
-36.8000000000011, -180, -1063.3375417816
-36.7000000000011, -180, -1058.3434898851
-36.6000000000011, -180, -1054.67171362881
-36.5000000000011, -180, -1015.17730802484
-36.4000000000011, -180, -987.040945560904
-36.3000000000011, -180, -953.295062528923
-36.2000000000011, -180, -954.141795256524
-36.1000000000011, -180, -972.71770386165
-36.0000000000011, -180, -999.183578107739
-35.9000000000011, -180, -987.468793127802
-35.8000000000011, -180, -983.229173877509
-35.7000000000011, -180, -1003.04082683474
-35.6000000000011, -180, -986.945729240775
-35.5000000000011, -180, -984.186245111632
-35.4000000000011, -180, -994.186719828867
-35.3000000000011, -180, -1003.967783976
-35.2000000000011, -180, -1026.16512276535
-35.1000000000011, -180, -1032.09379572317
-35.0000000000011, -180, -1032.10085226607
-34.9000000000011, -180, -1065.02632874821
-34.8000000000011, -180, -1044.09885074163
-34.7000000000011, -180, -1048.00153965619
-34.6000000000011, -180, -1081.80207117274
-34.5000000000011, -180, -1121.22229485388
-34.4000000000011, -180, -1115.0746655456
-34.3000000000011, -180, -1093.36356197845
-34.2000000000011, -180, -1061.9722970454
-34.1000000000011, -180, -1009.60057862441
-34.0000000000011, -180, -941.776360813645
-33.9000000000011, -180, -912.70570574142
-33.800000000001, -180, -912.534405061975
-33.700000000001, -180, -919.964201690746
-33.600000000001, -180, -933.576813702704
-33.500000000001, -180, -958.816931908135
-33.400000000001, -180, -964.60251584358
-33.300000000001, -180, -989.281927039032
-33.200000000001, -180, -993.620092955418
-33.100000000001, -180, -987.273758881493
-33.000000000001, -180, -1025.26278278942
-32.900000000001, -180, -1061.9630522331
-32.800000000001, -180, -1064.83617322869
-32.700000000001, -180, -1054.38220657466
-32.600000000001, -180, -1054.81645951478
-32.500000000001, -180, -1045.19070643454
-32.400000000001, -180, -1047.88068899617
-32.300000000001, -180, -1069.91216601757
-32.200000000001, -180, -1050.19238930685
-32.100000000001, -180, -1049.92141427065
-32.000000000001, -180, -1005.77861657913
-31.900000000001, -180, -1006.06752791523
-31.800000000001, -180, -1018.57301654411
-31.700000000001, -180, -1014.76374270627
-31.600000000001, -180, -1024.41704899783
-31.500000000001, -180, -1008.80789328297
-31.400000000001, -180, -1003.94507337816
-31.300000000001, -180, -987.477928082342
-31.200000000001, -180, -999.012714309851
-31.100000000001, -180, -970.343522655428
-31.000000000001, -180, -966.942822776735
-30.900000000001, -180, -1001.33071320516
-30.800000000001, -180, -1044.65221710445
-30.700000000001, -180, -1068.62502294057
-30.600000000001, -180, -1086.06050993828
-30.500000000001, -180, -1106.37791118724
-30.400000000001, -180, -1117.84158371203
-30.300000000001, -180, -1148.34260175482
-30.200000000001, -180, -1153.52390791278
-30.100000000001, -180, -1162.8441180177
-30.000000000001, -180, -1124.99458406772
-29.900000000001, -180, -1091.73929963959
-29.800000000001, -180, -1065.26014140889
-29.700000000001, -180, -1057.20956434356
-29.600000000001, -180, -1062.54856456514
-29.500000000001, -180, -1034.5694581205
-29.400000000001, -180, -1055.88848732761
-29.300000000001, -180, -1065.55298031913
-29.200000000001, -180, -1051.34534306102
-29.100000000001, -180, -1079.51335879753
-29.000000000001, -180, -1089.6947334077
-28.900000000001, -180, -1060.08963786159
-28.800000000001, -180, -1066.38268131332
-28.700000000001, -180, -1098.20256700856
-28.600000000001, -180, -1093.20083263237
-28.500000000001, -180, -1099.03426619351
-28.400000000001, -180, -1099.43622014299
-28.300000000001, -180, -1132.52735838923
-28.200000000001, -180, -1122.36617132078
-28.100000000001, -180, -1152.91163151409
-28.000000000001, -180, -1203.04412139289
-27.900000000001, -180, -1195.96185512817
-27.800000000001, -180, -1183.80174075579
-27.700000000001, -180, -1145.17492157768
-27.600000000001, -180, -1174.91349157039
-27.500000000001, -180, -1210.35720418196
-27.400000000001, -180, -1195.13556347007
-27.300000000001, -180, -1195.28472075262
-27.200000000001, -180, -1178.17163413868
-27.100000000001, -180, -1195.11249008693
-27.000000000001, -180, -1201.25091796671
-26.900000000001, -180, -1171.93561106129
-26.8000000000009, -180, -1150.11657159752
-26.7000000000009, -180, -1167.86361476954
-26.6000000000009, -180, -1141.15661196655
-26.5000000000009, -180, -1121.97318076412
-26.4000000000009, -180, -1103.97604149044
-26.3000000000009, -180, -1096.98625964194
-26.2000000000009, -180, -1114.3791315977
-26.1000000000009, -180, -1099.00751691416
-26.0000000000009, -180, -1067.93606443761
-25.9000000000009, -180, -1047.65415928268
-25.8000000000009, -180, -1041.8848763532
-25.7000000000009, -180, -1055.63172775554
-25.6000000000009, -180, -1047.22402265109
-25.5000000000009, -180, -1036.59209754306
-25.4000000000009, -180, -1064.04183722707
-25.3000000000009, -180, -1135.01972023956
-25.2000000000009, -180, -1161.30480121204
-25.1000000000009, -180, -1145.59592147684
-25.0000000000009, -180, -1151.99415219238
-24.9000000000009, -180, -1160.18731155572
-24.8000000000009, -180, -1168.27293932589
-24.7000000000009, -180, -1164.30432014936
-24.6000000000009, -180, -1154.05912857491
-24.5000000000009, -180, -1177.22070768964
-24.4000000000009, -180, -1174.95005265321
-24.3000000000009, -180, -1187.86573678337
-24.2000000000009, -180, -1184.45745796058
-24.1000000000009, -180, -1182.80874004785
-24.0000000000009, -180, -1156.93683312379
-23.9000000000009, -180, -1168.69914111728
-23.8000000000009, -180, -1170.44463565189
-23.7000000000009, -180, -1153.633636193
-23.6000000000009, -180, -1112.12263789761
-23.5000000000009, -180, -1106.25833570235
-23.4000000000009, -180, -1037.16630313394
-23.3000000000009, -180, -975.598389707156
-23.2000000000009, -180, -943.943256604136
-23.1000000000009, -180, -955.917231405037
-23.0000000000009, -180, -944.892218971276
-22.9000000000009, -180, -952.827013682341
-22.8000000000009, -180, -967.282875135657
-22.7000000000009, -180, -1003.61211555777
-22.6000000000009, -180, -1019.93912622973
-22.5000000000009, -180, -1017.23954111221
-22.4000000000009, -180, -1029.74220490456
-22.3000000000009, -180, -1040.48989005131
-22.2000000000009, -180, -1043.6349371766
-22.1000000000009, -180, -1046.12937311793
-22.0000000000009, -180, -1052.26805376529
-21.9000000000009, -180, -1018.02657943359
-21.8000000000009, -180, -998.765053229989
-21.7000000000009, -180, -979.133364870213
-21.6000000000009, -180, -962.505408381461
-21.5000000000009, -180, -954.221901677665
-21.4000000000009, -180, -937.130560870515
-21.3000000000009, -180, -900.645388724632
-21.2000000000009, -180, -874.851874438114
-21.1000000000009, -180, -872.918273286894
-21.0000000000009, -180, -890.430314082536
-20.9000000000009, -180, -923.862014272483
-20.8000000000009, -180, -921.211855525151
-20.7000000000009, -180, -929.293522551656
-20.6000000000009, -180, -958.340951162856
-20.5000000000009, -180, -997.406450731796
-20.4000000000009, -180, -1007.52254072437
-20.3000000000009, -180, -996.510088213719
-20.2000000000009, -180, -987.146458711824
-20.1000000000009, -180, -951.589228618308
-20.0000000000009, -180, -945.034876463935
-19.9000000000009, -180, -933.085402679862
-19.8000000000009, -180, -925.419447081978
-19.7000000000008, -180, -928.579652178916
-19.6000000000008, -180, -915.477603885462
-19.5000000000008, -180, -894.933488508221
-19.4000000000008, -180, -824.468544464442
-19.3000000000008, -180, -786.705042504938
-19.2000000000008, -180, -744.415420848178
-19.1000000000008, -180, -718.336040903581
-19.0000000000008, -180, -720.51902049128
-18.9000000000008, -180, -729.870734033757
-18.8000000000008, -180, -784.77019738243
-18.7000000000008, -180, -808.351687327493
-18.6000000000008, -180, -794.095705474843
-18.5000000000008, -180, -768.035154077108
-18.4000000000008, -180, -746.759590288508
-18.3000000000008, -180, -735.177895874716
-18.2000000000008, -180, -756.711095716222
-18.1000000000008, -180, -780.250690445071
-18.0000000000008, -180, -816.372934278799
-17.9000000000008, -180, -836.561245621997
-17.8000000000008, -180, -859.489902149537
-17.7000000000008, -180, -872.05326635763
-17.6000000000008, -180, -841.65237767261
-17.5000000000008, -180, -676.695161948213
-17.4000000000008, -180, -555.36318880436
-17.3000000000008, -180, -404.927105077426
-17.2000000000008, -180, -388.813611493795
-17.1000000000008, -180, -391.033010672661
-17.0000000000008, -180, -414.811463608989
-16.9000000000008, -180, -317.275282735471
-16.8000000000008, -180, -139.798788009677
-16.7000000000008, -180, -11.9468831628328
-16.6000000000008, -180, 172.13644930697
-16.5000000000008, -180, 245.771594332182
-16.4000000000008, -180, 135.750912540127
-16.3000000000008, -180, 138.078727504704
-16.2000000000008, -180, 140.968100014026
-16.1000000000008, -180, 101.897298160708
-16.0000000000008, -180, 108.782837829902
-15.9000000000008, -180, 279.875092544593
-15.8000000000008, -180, 350.212499954388
-15.7000000000008, -180, 430.98683420755
-15.6000000000008, -180, 423.986936712754
-15.5000000000008, -180, 389.971899641794
-15.4000000000008, -180, 361.991344660171
-15.3000000000008, -180, 344.458286367357
-15.2000000000008, -180, 304.036436795024
-15.1000000000008, -180, 284.862163659302
-15.0000000000008, -180, 250.51595332846
-14.9000000000008, -180, 250.728533224086
-14.8000000000008, -180, 257.234822720988
-14.7000000000008, -180, 281.464657986886
-14.6000000000008, -180, 305.186973625561
-14.5000000000008, -180, 315.101923695067
-14.4000000000008, -180, 377.313244095538
-14.3000000000008, -180, 405.36071262625
-14.2000000000008, -180, 455.825934192166
-14.1000000000008, -180, 458.407874947181
-14.0000000000008, -180, 430.702645005425
-13.9000000000008, -180, 424.61877374514
-13.8000000000008, -180, 420.442574540735
-13.7000000000008, -180, 369.986878829892
-13.6000000000008, -180, 325.958739442634
-13.5000000000008, -180, 315.885443935287
-13.4000000000008, -180, 347.165349665098
-13.3000000000008, -180, 357.9762023855
-13.2000000000008, -180, 417.569541225792
-13.1000000000008, -180, 447.558311322471
-13.0000000000008, -180, 430.865807926632
-12.9000000000008, -180, 410.866221932229
-12.8000000000008, -180, 440.336778771598
-12.7000000000008, -180, 447.382358737872
-12.6000000000008, -180, 473.601175915799
-12.5000000000008, -180, 503.32963915111
-12.4000000000008, -180, 554.174932291498
-12.3000000000008, -180, 549.509771629935
-12.2000000000008, -180, 530.148338688188
-12.1000000000008, -180, 538.607160235522
-12.0000000000008, -180, 564.523235226632
-11.9000000000008, -180, 560.22551024775
-11.8000000000008, -180, 548.646535177017
-11.7000000000008, -180, 531.447315203026
-11.6000000000008, -180, 508.410158941755
-11.5000000000008, -180, 487.909488897189
-11.4000000000008, -180, 502.58695926785
-11.3000000000008, -180, 509.653577042511
-11.2000000000008, -180, 506.245837304159
-11.1000000000008, -180, 518.722287651268
-11.0000000000008, -180, 542.238236257806
-10.9000000000008, -180, 543.278012426803
-10.8000000000008, -180, 574.229544568574
-10.7000000000008, -180, 596.826805080404
-10.6000000000008, -180, 598.680754506961
-10.5000000000008, -180, 640.346958777984
-10.4000000000008, -180, 656.36209677381
-10.3000000000008, -180, 684.466901076725
-10.2000000000008, -180, 706.477888865396
-10.1000000000008, -180, 630.134830635157
-10.0000000000008, -180, 603.300209798268
-9.90000000000082, -180, 522.075553666218
-9.80000000000082, -180, 511.058897809824
-9.70000000000082, -180, 525.306672790437
-9.60000000000082, -180, 576.750449301326
-9.50000000000082, -180, 556.270292777452
-9.40000000000082, -180, 551.904999098508
-9.30000000000082, -180, 547.584656467894
-9.20000000000082, -180, 534.964041108382
-9.10000000000082, -180, 511.066720546689
-9.00000000000082, -180, 495.074716230389
-8.90000000000082, -180, 479.337856936618
-8.80000000000082, -180, 420.326727910317
-8.70000000000082, -180, 385.540329171345
-8.60000000000082, -180, 401.001802067738
-8.50000000000082, -180, 452.863767619245
-8.40000000000082, -180, 501.046516382834
-8.30000000000082, -180, 579.533987928648
-8.20000000000082, -180, 704.82694297831
-8.10000000000082, -180, 804.258016079548
-8.00000000000082, -180, 857.643936405773
-7.90000000000082, -180, 882.430300835171
-7.80000000000082, -180, 926.775127020897
-7.70000000000083, -180, 951.21319830569
-7.60000000000083, -180, 1023.97318489989
-7.50000000000083, -180, 1209.05454847158
-7.40000000000083, -180, 1657.01356802287
-7.30000000000083, -180, 2005.08211272361
-7.20000000000083, -180, 2222.82015790697
-7.10000000000083, -180, 2238.47609773092
-7.00000000000083, -180, 2597.15057095652
-6.90000000000083, -180, 2795.61523852637
-6.80000000000083, -180, 2409.47609194729
-6.70000000000083, -180, 2567.34770434198
-6.60000000000083, -180, 2850.71011363855
-6.50000000000083, -180, 3932.5890347159
-6.40000000000083, -180, 4022.36015131837
-6.30000000000083, -180, 3927.24256671604
-6.20000000000083, -180, 2949.71026343456
-6.10000000000083, -180, 3103.58173105109
-6.00000000000083, -180, 3686.27473984845
-5.90000000000083, -180, 3512.44579095196
-5.80000000000083, -180, 2746.71807074954
-5.70000000000083, -180, 2057.00389736693
-5.60000000000083, -180, 1652.15167410532
-5.50000000000083, -180, 1239.59581555403
-5.40000000000083, -180, 967.558572056005
-5.30000000000083, -180, 848.515134967864
-5.20000000000083, -180, 758.454955702298
-5.10000000000083, -180, 704.395070171682
-5.00000000000083, -180, 721.526055769529
-4.90000000000084, -180, 727.544369751471
-4.80000000000084, -180, 738.490014458308
-4.70000000000084, -180, 769.960650469409
-4.60000000000084, -180, 803.858746433863
-4.50000000000084, -180, 876.865053837537
-4.40000000000084, -180, 796.989452168462
-4.30000000000084, -180, 768.214312010212
-4.20000000000084, -180, 731.327564281994
-4.10000000000084, -180, 685.604471458821
-4.00000000000084, -180, 646.630236237193
-3.90000000000084, -180, 650.237578177126
-3.80000000000084, -180, 601.32538778102
-3.70000000000084, -180, 547.423465299187
-3.60000000000084, -180, 542.314020902384
-3.50000000000084, -180, 559.65913741861
-3.40000000000084, -180, 512.199207821744
-3.30000000000084, -180, 451.61259030248
-3.20000000000084, -180, 390.99560804572
-3.10000000000084, -180, 341.137751178932
-3.00000000000084, -180, 326.463092310238
-2.90000000000084, -180, 304.014208058128
-2.80000000000084, -180, 295.590409804834
-2.70000000000084, -180, 308.918366856058
-2.60000000000084, -180, 396.965686207172
-2.50000000000084, -180, 380.746741723153
-2.40000000000084, -180, 403.879030079232
-2.30000000000084, -180, 398.610341923079
-2.20000000000084, -180, 373.383118698257
-2.10000000000084, -180, 299.512763867853
-2.00000000000084, -180, 293.079805907561
-1.90000000000084, -180, 289.037793378928
-1.80000000000084, -180, 320.468185698614
-1.70000000000084, -180, 430.02282205259
-1.60000000000084, -180, 530.401844377979
-1.50000000000084, -180, 739.292843619012
-1.40000000000084, -180, 999.588227977511
-1.30000000000084, -180, 1353.01900328184
-1.20000000000084, -180, 1711.75525521219
-1.10000000000084, -180, 1768.48757024447
-1.00000000000084, -180, 2183.87754353206
-0.900000000000836, -180, 2737.21189686062
-0.800000000000836, -180, 2971.93672187952
-0.700000000000836, -180, 2949.10982540518
-0.600000000000836, -180, 2990.61718480359
-0.500000000000836, -180, 2848.5776222134
-0.400000000000836, -180, 2939.41303129646
-0.300000000000836, -180, 3374.479011975
-0.200000000000836, -180, 3386.61015718093
-0.100000000000836, -180, 3592.5132469316
-8.35914670815896E-13, -180, 4048.66173321125
0.0999999999991641, -180, 3382.79425568774
0.199999999999164, -180, 3317.39769615745
0.299999999999164, -180, 3650.1710300853
0.399999999999164, -180, 2639.86614930967
0.499999999999164, -180, 1659.81609759713
0.599999999999164, -180, 1064.24635794433
0.699999999999164, -180, 733.466638793005
0.799999999999164, -180, 528.636738799978
0.899999999999164, -180, 453.158740611398
0.999999999999164, -180, 398.673079190077
1.09999999999916, -180, 340.673083298258
1.19999999999916, -180, 286.381373182405
1.29999999999916, -180, 110.576231145184
1.39999999999916, -180, -190.219263755134
1.49999999999916, -180, -412.166682249866
1.59999999999916, -180, -592.681316187722
1.69999999999916, -180, -742.532001197804
1.79999999999916, -180, -870.289779078448
1.89999999999916, -180, -997.276152209262
1.99999999999916, -180, -1108.79218812252
2.09999999999916, -180, -1141.98447769228
2.19999999999916, -180, -1151.68512822571
2.29999999999916, -180, -1139.44345095626
2.39999999999917, -180, -1131.21033521951
2.49999999999917, -180, -1161.77084724547
2.59999999999917, -180, -1154.24087095773
2.69999999999917, -180, -1151.2838773285
2.79999999999917, -180, -1170.23622795858
2.89999999999917, -180, -1178.9844657135
2.99999999999917, -180, -1188.2801565791
3.09999999999917, -180, -1185.50584754022
3.19999999999917, -180, -1201.40443300153
3.29999999999917, -180, -1196.4983327809
3.39999999999917, -180, -1178.99501890258
3.49999999999917, -180, -1189.75297508168
3.59999999999917, -180, -1198.29008646146
3.69999999999917, -180, -1173.35347024852
3.79999999999917, -180, -1153.36913616827
3.89999999999917, -180, -1125.00942866586
3.99999999999917, -180, -1130.40115338657
4.09999999999917, -180, -1141.68993315869
4.19999999999917, -180, -1161.85392644408
4.29999999999917, -180, -1132.17182991421
4.39999999999917, -180, -1115.83205705963
4.49999999999917, -180, -1121.99960406555
4.59999999999916, -180, -1135.31384665414
4.69999999999916, -180, -1169.57255417784
4.79999999999916, -180, -1168.79231362429
4.89999999999916, -180, -1166.44306770468
4.99999999999916, -180, -1151.59750807914
5.09999999999916, -180, -1180.8174319478
5.19999999999916, -180, -1179.10801904835
5.29999999999916, -180, -1189.31693029741
5.39999999999916, -180, -1170.54377611936
5.49999999999916, -180, -1146.47973151365
5.59999999999916, -180, -1134.00341101037
5.69999999999916, -180, -1146.19930736721
5.79999999999916, -180, -1123.1315024778
5.89999999999916, -180, -1087.32537730364
5.99999999999916, -180, -1099.05341609428
6.09999999999916, -180, -1083.69541119225
6.19999999999916, -180, -1023.25557657436
6.29999999999916, -180, -1008.05888722849
6.39999999999916, -180, -1009.94882853539
6.49999999999916, -180, -991.728209095192
6.59999999999916, -180, -998.235119191813
6.69999999999916, -180, -986.462352011353
6.79999999999916, -180, -966.013084501377
6.89999999999916, -180, -982.02541557129
6.99999999999916, -180, -975.595063610817
7.09999999999916, -180, -963.915305724484
7.19999999999916, -180, -965.210921443999
7.29999999999916, -180, -933.557567615528
7.39999999999915, -180, -874.907866313704
7.49999999999915, -180, -795.473769605509
7.59999999999915, -180, -707.269343703869
7.69999999999915, -180, -565.060217706254
7.79999999999915, -180, -446.866842971067
7.89999999999915, -180, -313.619488566066
7.99999999999915, -180, 3.81240251311101
8.09999999999915, -180, 286.043544750661
8.19999999999915, -180, 485.525203247904
8.29999999999915, -180, 818.401337225805
8.39999999999915, -180, 1231.13261913601
8.49999999999915, -180, 1424.61577660136
8.59999999999915, -180, 1285.8899366603
8.69999999999915, -180, 738.348832113785
8.79999999999915, -180, 0.358820755616762
8.89999999999915, -180, -321.245654808939
8.99999999999915, -180, -611.648377403966
9.09999999999915, -180, -822.915218119859
9.19999999999915, -180, -932.394210250932
9.29999999999915, -180, -990.429197078454
9.39999999999915, -180, -1041.46817589772
9.49999999999915, -180, -1087.59202204505
9.59999999999915, -180, -1092.14865757816
9.69999999999915, -180, -1108.99151177774
9.79999999999915, -180, -1094.90259438357
9.89999999999915, -180, -1121.57033450273
9.99999999999915, -180, -1157.44651154126
10.0999999999991, -180, -1119.60597022506
10.1999999999991, -180, -1131.89365337871
10.2999999999991, -180, -1126.09056115348
10.3999999999991, -180, -1111.4238619745
10.4999999999991, -180, -1145.5902472568
10.5999999999991, -180, -1206.38230765518
10.6999999999991, -180, -1210.8042237903
10.7999999999991, -180, -1215.92951808963
10.8999999999991, -180, -1201.96268637874
10.9999999999991, -180, -1235.44039916992
11.0999999999991, -180, -1213.4439094062
11.1999999999991, -180, -1187.39380901598
11.2999999999991, -180, -1190.63013999956
11.3999999999991, -180, -1191.91030931019
11.4999999999991, -180, -1206.95287180541
11.5999999999991, -180, -1211.40980785701
11.6999999999991, -180, -1177.45347947546
11.7999999999991, -180, -1151.28462058527
11.8999999999991, -180, -1168.00882496906
11.9999999999991, -180, -1144.71318720514
12.0999999999991, -180, -1184.55247759726
12.1999999999991, -180, -1197.7601438826
12.2999999999991, -180, -1224.61629128177
12.3999999999991, -180, -1212.89642013994
12.4999999999991, -180, -1227.99350016774
12.5999999999991, -180, -1237.49633798562
12.6999999999991, -180, -1265.06878388161
12.7999999999991, -180, -1238.38069134357
12.8999999999991, -180, -1240.20079743315
12.9999999999991, -180, -1199.35430179047
13.0999999999991, -180, -1225.67577586113
13.1999999999991, -180, -1221.35865420045
13.2999999999991, -180, -1189.23500182224
13.3999999999991, -180, -1191.99206218659
13.4999999999991, -180, -1194.19288338197
13.5999999999991, -180, -1219.37604621577
13.6999999999991, -180, -1216.84935202601
13.7999999999991, -180, -1236.7470914576
13.8999999999991, -180, -1254.10343510506
13.9999999999991, -180, -1296.89466907666
14.0999999999991, -180, -1290.32755587809
14.1999999999991, -180, -1279.02245396224
14.2999999999991, -180, -1284.04817361827
14.3999999999991, -180, -1310.49034929997
14.4999999999991, -180, -1275.20990752114
14.5999999999991, -180, -1273.10774134845
14.6999999999991, -180, -1259.01234382391
14.7999999999991, -180, -1274.88357153162
14.8999999999991, -180, -1270.81352368556
14.9999999999991, -180, -1258.44326683995
15.0999999999991, -180, -1246.2970278936
15.1999999999991, -180, -1259.76734859345
15.2999999999991, -180, -1258.32876264001
15.3999999999991, -180, -1222.20472014672
15.4999999999991, -180, -1241.09446599393
15.5999999999991, -180, -1236.27802391746
15.6999999999991, -180, -1198.52366620104
15.7999999999991, -180, -1159.96463191241
15.8999999999991, -180, -1168.65974673955
15.9999999999991, -180, -1171.48452195385
16.0999999999991, -180, -1184.65732854325
16.1999999999991, -180, -1182.60079975182
16.2999999999991, -180, -1152.73898986843
16.3999999999991, -180, -1132.62217248429
16.4999999999991, -180, -1143.54877128929
16.5999999999991, -180, -1114.82078519114
16.6999999999991, -180, -1139.65193832188
16.7999999999991, -180, -1127.42649872194
16.8999999999991, -180, -1118.70443291124
16.9999999999991, -180, -1122.49904101819
17.0999999999991, -180, -1103.98895553639
17.1999999999991, -180, -1094.18403096171
17.2999999999991, -180, -1083.65551022929
17.3999999999991, -180, -1091.07096153288
17.4999999999991, -180, -1081.46295531024
17.5999999999991, -180, -1087.92215892626
17.6999999999991, -180, -1088.51264318021
17.7999999999991, -180, -1120.06390671746
17.8999999999991, -180, -1112.82423156931
17.9999999999992, -180, -1103.91403246229
18.0999999999992, -180, -1132.8501699823
18.1999999999992, -180, -1144.92999793123
18.2999999999992, -180, -1170.34783765022
18.3999999999992, -180, -1193.81384525495
18.4999999999992, -180, -1205.44448114547
18.5999999999992, -180, -1207.63582683599
18.6999999999992, -180, -1203.16950935428
18.7999999999992, -180, -1167.24471728224
18.8999999999992, -180, -1165.87455495086
18.9999999999992, -180, -1147.19939658802
19.0999999999992, -180, -1087.69838101917
19.1999999999992, -180, -1114.59289726766
19.2999999999992, -180, -1094.90956503374
19.3999999999992, -180, -1078.96032542724
19.4999999999992, -180, -1075.26433570369
19.5999999999992, -180, -1062.65052448818
19.6999999999992, -180, -1039.32827027712
19.7999999999992, -180, -1021.31514669396
19.8999999999992, -180, -1040.84379289148
19.9999999999992, -180, -1044.70690139453
20.0999999999992, -180, -1009.33383067604
20.1999999999992, -180, -940.620533998357
20.2999999999992, -180, -918.121505565709
20.3999999999992, -180, -863.565947046969
20.4999999999992, -180, -887.926561483415
20.5999999999992, -180, -867.797859721584
20.6999999999992, -180, -851.707010813057
20.7999999999992, -180, -831.142521340982
20.8999999999992, -180, -801.663490367355
20.9999999999992, -180, -803.768378880806
21.0999999999992, -180, -812.457001204602
21.1999999999992, -180, -808.775247164071
21.2999999999992, -180, -815.409843295347
21.3999999999992, -180, -851.131444809726
21.4999999999992, -180, -859.76594274235
21.5999999999992, -180, -919.203368155868
21.6999999999992, -180, -960.821055817534
21.7999999999992, -180, -993.269646329107
21.8999999999992, -180, -999.15642202762
21.9999999999992, -180, -1021.12375268666
22.0999999999992, -180, -992.204368792824
22.1999999999992, -180, -1003.64812150737
22.2999999999992, -180, -1035.13305372105
22.3999999999992, -180, -1019.53707590338
22.4999999999992, -180, -1008.26267118996
22.5999999999992, -180, -1004.89593779354
22.6999999999992, -180, -997.499455409707
22.7999999999992, -180, -979.392166202655
22.8999999999992, -180, -1019.30157754011
22.9999999999992, -180, -992.771243697265
23.0999999999992, -180, -1005.43449881766
23.1999999999992, -180, -1019.34260205878
23.2999999999992, -180, -1006.95084602712
23.3999999999992, -180, -1018.96814026218
23.4999999999992, -180, -1020.99498964171
23.5999999999992, -180, -1024.28387445142
23.6999999999992, -180, -1054.83038416307
23.7999999999992, -180, -1036.65980912838
23.8999999999992, -180, -1048.24777715746
23.9999999999992, -180, -1052.56353693944
24.0999999999992, -180, -1085.08260503912
24.1999999999992, -180, -1111.51079707907
24.2999999999992, -180, -1072.19708706485
24.3999999999992, -180, -1050.63718977338
24.4999999999992, -180, -1026.80968315667
24.5999999999992, -180, -1039.07659906114
24.6999999999992, -180, -1042.80620068149
24.7999999999992, -180, -1039.45878425299
24.8999999999992, -180, -1035.04149459384
24.9999999999993, -180, -1076.53351788572
25.0999999999993, -180, -1108.2161549076
25.1999999999993, -180, -1125.33344214456
25.2999999999993, -180, -1109.18685077305
25.3999999999993, -180, -1124.36904946214
25.4999999999993, -180, -1119.34824757581
25.5999999999993, -180, -1110.12621507654
25.6999999999993, -180, -1123.11112798261
25.7999999999993, -180, -1121.12677113258
25.8999999999993, -180, -1128.33508241363
25.9999999999993, -180, -1131.14131533226
26.0999999999993, -180, -1118.18892419327
26.1999999999993, -180, -1099.97487391741
26.2999999999993, -180, -1067.97411704436
26.3999999999993, -180, -1047.80748604576
26.4999999999993, -180, -1077.2979784318
26.5999999999993, -180, -1059.34770530928
26.6999999999993, -180, -1049.77687223826
26.7999999999993, -180, -1045.03207263548
26.8999999999993, -180, -1026.37028828717
26.9999999999993, -180, -1006.05715177103
27.0999999999993, -180, -1021.8855694934
27.1999999999993, -180, -1027.95026186993
27.2999999999993, -180, -1005.40485725587
27.3999999999993, -180, -1004.85276783677
27.4999999999993, -180, -1032.82999120525
27.5999999999993, -180, -1054.93364744424
27.6999999999993, -180, -1084.82831589971
27.7999999999993, -180, -1075.64698624099
27.8999999999993, -180, -1047.65623008949
27.9999999999993, -180, -1072.45185362024
28.0999999999993, -180, -1094.05031154049
28.1999999999993, -180, -1111.78774866427
28.2999999999993, -180, -1141.69800534123
28.3999999999993, -180, -1152.74303528469
28.4999999999993, -180, -1155.17908272566
28.5999999999993, -180, -1133.92945041414
28.6999999999993, -180, -1110.24798251071
28.7999999999993, -180, -1114.16772279842
28.8999999999993, -180, -1097.63468347583
28.9999999999993, -180, -1081.80030407733
29.0999999999993, -180, -1061.46806966746
29.1999999999993, -180, -1052.93187468126
29.2999999999993, -180, -1043.07467987644
29.3999999999993, -180, -1017.15073563019
29.4999999999993, -180, -988.500620986568
29.5999999999993, -180, -998.280993914348
29.6999999999993, -180, -983.995511802146
29.7999999999993, -180, -967.809600335429
29.8999999999993, -180, -960.162719475804
29.9999999999993, -180, -946.821857043076
30.0999999999993, -180, -918.768171821255
30.1999999999993, -180, -899.353316730936
30.2999999999993, -180, -892.575960908434
30.3999999999993, -180, -888.125816243235
30.4999999999993, -180, -863.716865154216
30.5999999999993, -180, -851.631667188019
30.6999999999993, -180, -833.079283239087
30.7999999999993, -180, -836.822645698907
30.8999999999993, -180, -841.268937915564
30.9999999999993, -180, -861.505080610281
31.0999999999993, -180, -866.247996328631
31.1999999999993, -180, -907.397067987709
31.2999999999993, -180, -942.129598801374
31.3999999999993, -180, -966.28003414406
31.4999999999993, -180, -975.651159397094
31.5999999999993, -180, -959.993255850859
31.6999999999993, -180, -980.657315416611
31.7999999999993, -180, -962.302914089873
31.8999999999993, -180, -1000.77112632606
31.9999999999994, -180, -1011.29779738013
32.0999999999993, -180, -999.622819729382
32.1999999999993, -180, -1001.43337204785
32.2999999999994, -180, -998.499161876738
32.3999999999994, -180, -968.896477547474
32.4999999999994, -180, -985.101849087514
32.5999999999994, -180, -984.866182809812
32.6999999999994, -180, -975.384686155594
32.7999999999994, -180, -956.917563484865
32.8999999999994, -180, -941.023836307228
32.9999999999994, -180, -941.631374854245
33.0999999999994, -180, -975.559720670106
33.1999999999994, -180, -988.645360872499
33.2999999999994, -180, -1016.88899433683
33.3999999999994, -180, -1005.35669431894
33.4999999999994, -180, -1031.8931999522
33.5999999999994, -180, -1022.08404444414
33.6999999999994, -180, -1039.00873385242
33.7999999999994, -180, -1045.46278669685
33.8999999999994, -180, -1027.70404582971
33.9999999999994, -180, -995.340702730697
34.0999999999994, -180, -992.845392655348
34.1999999999994, -180, -937.561501626391
34.2999999999994, -180, -943.388632938266
34.3999999999994, -180, -967.040496857138
34.4999999999994, -180, -1006.44455981406
34.5999999999994, -180, -1033.65613056335
34.6999999999994, -180, -1058.92356448749
34.7999999999994, -180, -1090.45049988502
34.8999999999994, -180, -1105.07913353015
34.9999999999994, -180, -1108.31637137674
35.0999999999994, -180, -1111.21851010376
35.1999999999994, -180, -1138.59579910629
35.2999999999994, -180, -1123.47800519143
35.3999999999994, -180, -1107.21007926809
35.4999999999994, -180, -1050.35783505382
35.5999999999994, -180, -1009.15888456383
35.6999999999994, -180, -1006.03339689388
35.7999999999994, -180, -1003.53075171588
35.8999999999994, -180, -1030.2708299557
35.9999999999994, -180, -1020.78381800232
36.0999999999994, -180, -1014.96012416517
36.1999999999994, -180, -985.762122733518
36.2999999999994, -180, -948.02005569404
36.3999999999994, -180, -967.276047872379
36.4999999999994, -180, -969.985246335738
36.5999999999994, -180, -889.437935910653
36.6999999999994, -180, -658.624765214743
36.7999999999994, -180, -415.305450991495
36.8999999999994, -180, -181.224396770238
36.9999999999994, -180, 166.983495020191
37.0999999999994, -180, 304.26508459379
37.1999999999994, -180, 224.857784756692
37.2999999999994, -180, 214.46819725167
37.3999999999994, -180, 266.115610342007
37.4999999999994, -180, 37.4867398311617
37.5999999999994, -180, 66.3370434704702
37.6999999999994, -180, 148.440278029186
37.7999999999994, -180, 299.161013936042
37.8999999999994, -180, 305.312435601489
37.9999999999994, -180, 353.246271426091
38.0999999999994, -180, 393.362905491376
38.1999999999994, -180, 417.255984865362
38.2999999999994, -180, 490.597930488875
38.3999999999994, -180, 505.818409912055
38.4999999999994, -180, 526.928634664277
38.5999999999994, -180, 554.095991717186
38.6999999999994, -180, 622.687231504009
38.7999999999994, -180, 696.262503793114
38.8999999999994, -180, 729.218810364255
38.9999999999994, -180, 729.346498307772
39.0999999999994, -180, 736.476440958329
39.1999999999994, -180, 766.977274125791
39.2999999999995, -180, 748.942609306774
39.3999999999995, -180, 728.522710253368
39.4999999999995, -180, 737.217060297728
39.5999999999995, -180, 726.579551487928
39.6999999999995, -180, 715.139685879345
39.7999999999995, -180, 684.612458663527
39.8999999999995, -180, 715.748532689642
39.9999999999995, -180, 710.703983363579
40.0999999999995, -180, 693.32092352584
40.1999999999995, -180, 683.023629077012
40.2999999999995, -180, 677.685768992756
40.3999999999995, -180, 696.259740386042
40.4999999999995, -180, 674.84428996162
40.5999999999995, -180, 689.187545747263
40.6999999999995, -180, 710.491932712263
40.7999999999995, -180, 837.777426823857
40.8999999999995, -180, 865.02265408379
40.9999999999995, -180, 823.332284230273
41.0999999999995, -180, 789.383669555304
41.1999999999995, -180, 738.717520610197
41.2999999999995, -180, 683.472327245749
41.3999999999995, -180, 650.739022419206
41.4999999999995, -180, 666.352511751116
41.5999999999995, -180, 643.383321246132
41.6999999999995, -180, 617.380408110097
41.7999999999995, -180, 544.020639317343
41.8999999999995, -180, 532.779684587033
41.9999999999995, -180, 566.592585281353
42.0999999999995, -180, 562.392913361313
42.1999999999995, -180, 581.642306986032
42.2999999999995, -180, 594.984441769426
42.3999999999995, -180, 586.40163446276
42.4999999999995, -180, 611.13016454177
42.5999999999995, -180, 601.335003995919
42.6999999999995, -180, 632.997322712443
42.7999999999995, -180, 635.05235312169
42.8999999999995, -180, 694.137327097589
42.9999999999995, -180, 737.828729158966
43.0999999999995, -180, 747.058429158991
43.1999999999995, -180, 786.087467103149
43.2999999999995, -180, 826.472193476744
43.3999999999995, -180, 785.552893170738
43.4999999999995, -180, 786.847103041015
43.5999999999995, -180, 784.668348259176
43.6999999999995, -180, 747.637894407148
43.7999999999995, -180, 726.910244331346
43.8999999999995, -180, 745.4971812726
43.9999999999995, -180, 700.228552222368
44.0999999999995, -180, 700.377153399866
44.1999999999995, -180, 691.137063538074
44.2999999999995, -180, 704.058438029024
44.3999999999995, -180, 795.6881910027
44.4999999999995, -180, 787.480721256696
44.5999999999995, -180, 818.004217868671
44.6999999999995, -180, 819.36027380859
44.7999999999995, -180, 796.676547179581
44.8999999999995, -180, 779.610462046345
44.9999999999995, -180, 817.755509735085
45.0999999999995, -180, 729.791080230498
45.1999999999995, -180, 671.13199321623
45.2999999999995, -180, 675.87288700894
45.3999999999995, -180, 667.955705659348
45.4999999999995, -180, 693.087276905542
45.5999999999995, -180, 897.302596974536
45.6999999999995, -180, 966.708417559857
45.7999999999995, -180, 1012.28033161815
45.8999999999995, -180, 987.927456094534
45.9999999999995, -180, 813.370719299186
46.0999999999995, -180, 749.99325525621
46.1999999999995, -180, 708.038777304464
46.2999999999996, -180, 688.411931189592
46.3999999999996, -180, 561.199105399312
46.4999999999996, -180, 437.738751795725
46.5999999999996, -180, 330.526667165221
46.6999999999996, -180, 293.392598157283
46.7999999999996, -180, 161.073877659859
46.8999999999996, -180, 108.829734593979
46.9999999999996, -180, 195.133119910373
47.0999999999996, -180, -119.585960604367
47.1999999999996, -180, -363.795861161896
47.2999999999996, -180, -538.643419113825
47.3999999999996, -180, -577.746872788761
47.4999999999996, -180, -620.329483859707
47.5999999999996, -180, -645.744517912739
47.6999999999996, -180, -612.428192660911
47.7999999999996, -180, -624.295513310935
47.8999999999996, -180, -817.76504236192
47.9999999999996, -180, -831.991944261128
48.0999999999996, -180, -687.950942092808
48.1999999999996, -180, -634.926750966231
48.2999999999996, -180, -447.878979192115
48.3999999999996, -180, -219.147006957326
48.4999999999996, -180, 121.406570977299
48.5999999999996, -180, 58.7861874852097
48.6999999999996, -180, 168.304426654708
48.7999999999996, -180, 27.3743495651288
48.8999999999996, -180, 34.2139114279998
48.9999999999996, -180, 151.462575038197
49.0999999999996, -180, 253.668839668273
49.1999999999996, -180, 181.835566022433
49.2999999999996, -180, 220.75695385877
49.3999999999996, -180, 262.317889219965
49.4999999999996, -180, 152.886143587762
49.5999999999996, -180, 191.217897159397
49.6999999999996, -180, 247.699741280638
49.7999999999996, -180, 243.039993949234
49.8999999999996, -180, 213.162593918853
49.9999999999996, -180, 256.362750081695
50.0999999999996, -180, 244.946729738149
50.1999999999996, -180, 254.692599249072
50.2999999999996, -180, 151.928960443474
50.3999999999996, -180, 111.293776742998
50.4999999999996, -180, 223.123147340608
50.5999999999996, -180, 263.49768335151
50.6999999999996, -180, 257.503320768243
50.7999999999996, -180, 209.916091678781
50.8999999999996, -180, 178.351706119953
50.9999999999996, -180, 261.209133534343
51.0999999999996, -180, 255.050187613815
51.1999999999996, -180, 260.912470364594
51.2999999999996, -180, 233.577431929414
51.3999999999996, -180, 258.770376176341
51.4999999999996, -180, 277.777288270066
51.5999999999996, -180, 279.877582750982
51.6999999999996, -180, 271.569825321203
51.7999999999996, -180, 285.755087730242
51.8999999999996, -180, 286.448516621254
51.9999999999996, -180, 299.067965388298
52.0999999999996, -180, 399.980822372017
52.1999999999996, -180, 369.25179952383
52.2999999999996, -180, 410.618996522389
52.3999999999996, -180, 467.642884443747
52.4999999999996, -180, 553.204272207338
52.5999999999996, -180, 696.955218185205
52.6999999999996, -180, 730.064722945564
52.7999999999996, -180, 684.621976304916
52.8999999999996, -180, 629.189370462205
52.9999999999996, -180, 586.35424269631
53.0999999999996, -180, 559.293091918691
53.1999999999996, -180, 541.421488637454
53.2999999999996, -180, 597.039288495784
53.3999999999997, -180, 628.904735730612
53.4999999999997, -180, 605.29572827497
53.5999999999997, -180, 526.709874603781
53.6999999999997, -180, 486.129041354754
53.7999999999997, -180, 449.946784713189
53.8999999999997, -180, 429.304870666005
53.9999999999997, -180, 397.419177581789
54.0999999999997, -180, 356.955483386409
54.1999999999997, -180, 366.959823335288
54.2999999999997, -180, 433.249562246259
54.3999999999997, -180, 465.748721275828
54.4999999999997, -180, 493.482265030383
54.5999999999997, -180, 462.501895380788
54.6999999999997, -180, 456.88640968292
54.7999999999997, -180, 448.688640726497
54.8999999999997, -180, 408.356774518732
54.9999999999997, -180, 371.629960333696
55.0999999999997, -180, 396.910663888906
55.1999999999997, -180, 406.138500220608
55.2999999999997, -180, 421.146646552603
55.3999999999997, -180, 404.847553016967
55.4999999999997, -180, 358.573050518287
55.5999999999997, -180, 348.246213506907
55.6999999999997, -180, 311.514196157921
55.7999999999997, -180, 314.670758035849
55.8999999999997, -180, 306.6860047956
55.9999999999997, -180, 256.400355175836
56.0999999999997, -180, 278.416531544062
56.1999999999997, -180, 155.665987119544
56.2999999999997, -180, 160.638812599122
56.3999999999997, -180, 124.154709830647
56.4999999999997, -180, 85.9236443062546
56.5999999999997, -180, 113.125192174921
56.6999999999997, -180, 169.934996766387
56.7999999999997, -180, 165.720874921419
56.8999999999997, -180, 143.018800683087
56.9999999999997, -180, 139.347217902192
57.0999999999997, -180, 119.27408060804
57.1999999999997, -180, 102.819833901129
57.2999999999997, -180, 116.689089748194
57.3999999999997, -180, 165.961801032652
57.4999999999997, -180, 275.163845891599
57.5999999999997, -180, 235.212043263135
57.6999999999997, -180, 268.544468972133
57.7999999999997, -180, 292.064940455486
57.8999999999997, -180, 329.716967368964
57.9999999999997, -180, 436.497438057908
58.0999999999997, -180, 465.069995856611
58.1999999999997, -180, 535.814238497638
58.2999999999997, -180, 604.726780333673
58.3999999999997, -180, 651.339313809527
58.4999999999997, -180, 713.322400651523
58.5999999999997, -180, 761.089250379358
58.6999999999997, -180, 725.554237278062
58.7999999999997, -180, 858.774985432858
58.8999999999997, -180, 887.486161923502
58.9999999999997, -180, 990.813837365597
59.0999999999997, -180, 965.795234334888
59.1999999999997, -180, 1070.65324477293
59.2999999999997, -180, 1166.45127742388
59.3999999999997, -180, 1151.43316628295
59.4999999999997, -180, 1093.32182902645
59.5999999999997, -180, 1095.46296003857
59.6999999999997, -180, 1021.92177607794
59.7999999999997, -180, 1045.98169665993
59.8999999999997, -180, 1483.64792049455
59.9999999999997, -180, 2182.58463513816
60.0999999999997, -180, 1715.6757446822
60.1999999999997, -180, 1891.90311121452
60.2999999999997, -180, 1939.18237029412
60.3999999999998, -180, 1359.25161619845
60.4999999999998, -180, 1342.73764012451
60.5999999999998, -180, 1404.83919061488
60.6999999999998, -180, 1180.10992028529
60.7999999999998, -180, 1311.20955423743
60.8999999999998, -180, 1741.88205572381
60.9999999999998, -180, 1652.40501090884
61.0999999999998, -180, 1776.09538582689
61.1999999999998, -180, 2103.5305474886
61.2999999999998, -180, 2074.77586966869
61.3999999999998, -180, 1889.95510710205
61.4999999999998, -180, 1696.88196828926
61.5999999999998, -180, 1945.23178573535
61.6999999999998, -180, 1912.40719412663
61.7999999999998, -180, 1876.84964091727
61.8999999999998, -180, 1788.1278908106
61.9999999999998, -180, 1622.26494823932
62.0999999999998, -180, 1193.30192543298
62.1999999999998, -180, 902.287611608743
62.2999999999998, -180, 849.492640889133
62.3999999999998, -180, 829.162424501497
62.4999999999998, -180, 815.222117631347
62.5999999999998, -180, 849.218656259123
62.6999999999998, -180, 829.938633865444
62.7999999999998, -180, 732.198223706451
62.8999999999998, -180, 631.512774639647
62.9999999999998, -180, 571.845023007831
63.0999999999998, -180, 495.334395134472
63.1999999999998, -180, 459.179412746336
63.2999999999998, -180, 400.409307698137
63.3999999999998, -180, 386.951679761056
63.4999999999998, -180, 357.760798356845
63.5999999999998, -180, 295.179988101008
63.6999999999998, -180, 279.111796208192
63.7999999999998, -180, 292.959804271813
63.8999999999998, -180, 308.04031019297
63.9999999999998, -180, 334.121376961004
64.0999999999998, -180, 386.07830101077
64.1999999999998, -180, 373.40902830055
64.2999999999998, -180, 393.060708948993
64.3999999999998, -180, 453.585309150629
64.4999999999998, -180, 500.70148706995
64.5999999999998, -180, 559.566357922857
64.6999999999998, -180, 495.482447928051
64.7999999999998, -180, 344.618832910433
64.8999999999998, -180, 271.760809086845
64.9999999999997, -180, 239.968100558966
65.0999999999997, -180, 297.216212684754
65.1999999999997, -180, 214.729926384869
65.2999999999997, -180, 241.209992815624
65.3999999999997, -180, 169.448854872375
65.4999999999997, -180, 223.385503114783
65.5999999999997, -180, 273.346993389656
65.6999999999997, -180, 250.645808352157
65.7999999999997, -180, 294.138470584177
65.8999999999997, -180, 285.337849351694
65.9999999999997, -180, 293.489641354885
66.0999999999997, -180, 297.039639453171
66.1999999999997, -180, 327.585971720051
66.2999999999997, -180, 362.005129386904
66.3999999999997, -180, 449.922498435946
66.4999999999997, -180, 514.218515250948
66.5999999999997, -180, 558.470868329518
66.6999999999996, -180, 565.190462684724
66.7999999999996, -180, 532.875859585125
66.8999999999996, -180, 529.005242566578
66.9999999999996, -180, 489.367159971618
67.0999999999996, -180, 483.63327169267
67.1999999999996, -180, 462.463531185989
67.2999999999996, -180, 419.66585955373
67.3999999999996, -180, 410.871282723267
67.4999999999996, -180, 417.752764865174
67.5999999999996, -180, 476.99531976541
67.6999999999996, -180, 481.835067345877
67.7999999999996, -180, 468.245727929869
67.8999999999996, -180, 436.179374359897
67.9999999999996, -180, 381.420425703633
68.0999999999996, -180, 375.411037721788
68.1999999999996, -180, 416.623458425864
68.2999999999996, -180, 430.679651864339
68.3999999999996, -180, 472.245744973072
68.4999999999995, -180, 514.716391249327
68.5999999999995, -180, 509.796721246676
68.6999999999995, -180, 513.635957727325
68.7999999999995, -180, 541.655039651901
68.8999999999995, -180, 516.141755330493
68.9999999999995, -180, 520.29948601604
69.0999999999995, -180, 527.996634946438
69.1999999999995, -180, 480.900094476296
69.2999999999995, -180, 476.835235877661
69.3999999999995, -180, 457.958047713968
69.4999999999995, -180, 431.460150616127
69.5999999999995, -180, 392.808479178697
69.6999999999995, -180, 351.371267231414
69.7999999999995, -180, 309.574844800984
69.8999999999995, -180, 335.862443544902
69.9999999999995, -180, 325.132890822832
70.0999999999995, -180, 333.019690079498
70.1999999999994, -180, 366.554099600762
70.2999999999994, -180, 409.339525512769
70.3999999999994, -180, 400.770245441352
70.4999999999994, -180, 459.98126715573
70.5999999999994, -180, 479.658093288541
70.6999999999994, -180, 485.653440897935
70.7999999999994, -180, 514.447197317379
70.8999999999994, -180, 545.78248080425
70.9999999999994, -180, 552.285798706696
71.0999999999994, -180, 540.054648330901
71.1999999999994, -180, 521.615357749746
71.2999999999994, -180, 616.390295129386
71.3999999999994, -180, 664.153401886928
71.4999999999994, -180, 734.143204829772
71.5999999999994, -180, 789.782254440477
71.6999999999994, -180, 857.215565156308
71.7999999999994, -180, 905.387220657547
71.8999999999994, -180, 913.984350437066
71.9999999999993, -180, 917.804676542291
72.0999999999993, -180, 877.221471926663
72.1999999999993, -180, 890.863881372614
72.2999999999993, -180, 965.345869843266
72.3999999999993, -180, 1008.7720306596
72.4999999999993, -180, 917.964964429499
72.5999999999993, -180, 982.397914437694
72.6999999999993, -180, 912.313193953363
72.7999999999993, -180, 939.00988539122
72.8999999999993, -180, 928.523509474937
72.9999999999993, -180, 894.392222465365
73.0999999999993, -180, 799.393987140385
73.1999999999993, -180, 707.368050152902
73.2999999999993, -180, 623.075132535188
73.3999999999993, -180, 612.189794198843
73.4999999999993, -180, 537.980794481351
73.5999999999993, -180, 502.983938527876
73.6999999999993, -180, 454.560717854416
73.7999999999992, -180, 432.649832772091
73.8999999999992, -180, 385.723582474166
73.9999999999992, -180, 379.294936913298
74.0999999999992, -180, 362.660853037029
74.1999999999992, -180, 331.492114016903
74.2999999999992, -180, 281.16059811064
74.3999999999992, -180, 221.34524049249
74.4999999999992, -180, 221.938960767002
74.5999999999992, -180, 280.872434261371
74.6999999999992, -180, 297.280262501561
74.7999999999992, -180, 298.894726282568
74.8999999999992, -180, 318.495079209679
74.9999999999992, -180, 284.548839142779
75.0999999999992, -180, 295.874778814497
75.1999999999992, -180, 218.07386327046
75.2999999999992, -180, 151.985923941014
75.3999999999992, -180, 204.341873193393
75.4999999999991, -180, 267.26866820571
75.5999999999991, -180, 238.515457506524
75.6999999999991, -180, 176.991958512459
75.7999999999991, -180, 167.411978104152
75.8999999999991, -180, 181.185202946421
75.9999999999991, -180, 202.627831146936
76.0999999999991, -180, 131.742390855565
76.1999999999991, -180, 115.215049928753
76.2999999999991, -180, 197.121050470159
76.3999999999991, -180, 159.718422306934
76.4999999999991, -180, 138.175701000262
76.5999999999991, -180, 229.803112600232
76.6999999999991, -180, 228.730159043334
76.7999999999991, -180, 298.897055447567
76.8999999999991, -180, 326.85842392582
76.9999999999991, -180, 299.776383958524
77.0999999999991, -180, 344.229242487694
77.1999999999991, -180, 373.344618685893
77.299999999999, -180, 388.949599784333
77.399999999999, -180, 378.642056902754
77.499999999999, -180, 392.134561169893
77.599999999999, -180, 393.706854842603
77.699999999999, -180, 384.714990179637
77.799999999999, -180, 450.300625689211
77.899999999999, -180, 523.468701287638
77.999999999999, -180, 787.629130043555
78.099999999999, -180, 1128.35139817582
78.199999999999, -180, 1391.24591528182
78.299999999999, -180, 1408.66647236631
78.399999999999, -180, 1297.81720907998
78.499999999999, -180, 1070.67499197205
78.599999999999, -180, 1098.18823200406
78.699999999999, -180, 1213.91811315028
78.799999999999, -180, 1270.57923542708
78.899999999999, -180, 1263.98022755748
78.9999999999989, -180, 1134.01417640166
79.0999999999989, -180, 1377.17308118322
79.1999999999989, -180, 1565.35190325754
79.2999999999989, -180, 1620.6697149399
79.3999999999989, -180, 1166.10742625268
79.4999999999989, -180, 1148.59603698226
79.5999999999989, -180, 1231.36511845631
79.6999999999989, -180, 1620.66467121744
79.7999999999989, -180, 1658.88473544049
79.8999999999989, -180, 1887.88175549998
79.9999999999989, -180, 1888.07783848711
80.0999999999989, -180, 1936.63166718674
80.1999999999989, -180, 1748.0764974294
80.2999999999989, -180, 1315.47339664551
80.3999999999989, -180, 1000.37739439635
80.4999999999989, -180, 883.274442756199
80.5999999999989, -180, 832.419607945601
80.6999999999989, -180, 787.539477134706
80.7999999999988, -180, 699.614843142102
80.8999999999988, -180, 604.152701499755
80.9999999999988, -180, 508.536198992981
81.0999999999988, -180, 399.277936132741
81.1999999999988, -180, 306.281668018899
81.2999999999988, -180, 250.293195321457
81.3999999999988, -180, 30
81.4999999999988, -180, 30
81.5999999999988, -180, 30
81.6999999999988, -180, 30
81.7999999999988, -180, 30
81.8999999999988, -180, 30
81.9999999999988, -180, 30
82.0999999999988, -180, 30
82.1999999999988, -180, 30
82.2999999999988, -180, 30
82.3999999999988, -180, 30
82.4999999999987, -180, 30
82.5999999999987, -180, 30
82.6999999999987, -180, 30
82.7999999999987, -180, 30
82.8999999999987, -180, 30
82.9999999999987, -180, 30
83.0999999999987, -180, 30
83.1999999999987, -180, 30
83.2999999999987, -180, 30
83.3999999999987, -180, 30
83.4999999999987, -180, 30
83.5999999999987, -180, 30
83.6999999999987, -180, 30
83.7999999999987, -180, 30
83.8999999999987, -180, 30
83.9999999999987, -180, 30
84.0999999999987, -180, 30
84.1999999999987, -180, 30
84.2999999999986, -180, 30
84.3999999999986, -180, 30
84.4999999999986, -180, 30
84.5999999999986, -180, 30
84.6999999999986, -180, 30
84.7999999999986, -180, 30
84.8999999999986, -180, 30
84.9999999999986, -180, 30
85.0999999999986, -180, 30
85.1999999999986, -180, 30
85.2999999999986, -180, 30
85.3999999999986, -180, 30
85.4999999999986, -180, 30
85.5999999999986, -180, 30
85.6999999999986, -180, 30
85.7999999999986, -180, 30
85.8999999999986, -180, 30
85.9999999999986, -180, 30
86.0999999999985, -180, 30
86.1999999999985, -180, 30
86.2999999999985, -180, 30
86.3999999999985, -180, 30
86.4999999999985, -180, 30
86.5999999999985, -180, 30
86.6999999999985, -180, 30
86.7999999999985, -180, 30
86.8999999999985, -180, 30
86.9999999999985, -180, 30
87.0999999999985, -180, 30
87.1999999999985, -180, 30
87.2999999999985, -180, 30
87.3999999999985, -180, 30
87.4999999999985, -180, 30
87.5999999999985, -180, 30
87.6999999999985, -180, 30
87.7999999999984, -180, 30
87.8999999999984, -180, 30
87.9999999999984, -180, 30
88.0999999999984, -180, 30
88.1999999999984, -180, 30
88.2999999999984, -180, 30
88.3999999999984, -180, 30
88.4999999999984, -180, 30
88.5999999999984, -180, 30
88.6999999999984, -180, 30
88.7999999999984, -180, 30
88.8999999999984, -180, 30
88.9999999999984, -180, 30
89.0999999999984, -180, 30
89.1999999999984, -180, 30
89.2999999999984, -180, 30
89.3999999999984, -180, 30
89.4999999999984, -180, 30
89.5999999999983, -180, 30
89.6999999999983, -180, 30
89.7999999999983, -180, 30
89.8999999999983, -180, 30
89.9999999999983, -180, 30
